1 114.776
2 62.4511
3 41.876
4 33.5535
5 27.0493
6 23.813
7 20.4822
8 18.9404
9 16.9031
10 16.1997
11 14.6722
12 14.05
13 13.4654
14 12.7567
15 12.4654
16 11.8727
17 11.1007
18 10.2938
19 10.0113
20 9.71978
21 8.77683
22 8.41126
23 8.04173
24 7.63818
25 7.82749
26 7.39904
27 6.93747
28 6.49722
29 6.62138
30 6.13491
31 6.25808
32 5.7608
33 5.75686
34 5.23325
35 5.23325
36 4.70445
37 4.70874
38 4.70538
39 4.21594
40 4.21683
41 4.2175
42 3.77277
43 3.77395
44 3.77821
45 3.77658
46 3.30752
47 3.30973
48 3.30822
49 3.30976
50 3.3072
51 2.93536
52 2.93773
53 2.93379
54 2.93779
55 2.93565
56 2.51226
57 2.51322
58 2.51222
59 2.51526
60 2.52323
61 2.53728
62 2.5495
63 2.18826
64 2.19818
65 2.19859
66 2.2017
67 2.20176
68 2.20419
69 2.2041
70 2.20736
71 2.20733
72 1.82662
73 1.82586
74 1.82829
75 1.82966
76 1.83024
77 1.83187
78 1.83213
79 1.83302
80 1.83434
81 1.8377
82 1.83907
83 1.84102
84 1.4856
85 1.48678
86 1.66803
87 1.50298
88 1.49053
89 1.49347
90 1.49174
91 1.50016
92 1.50317
93 1.50672
94 1.51936
95 1.54986
96 1.56758
97 1.56813
98 1.55936
99 1.56992
100 1.57162
101 1.17699
102 1.1681
103 1.1759
104 1.18595
105 1.17523
106 1.18211
107 1.18115
108 1.17427
109 1.17824
110 1.17782
111 1.18166
112 1.1697
113 1.18109
114 1.17395
115 1.17754
116 1.18058
117 1.17354
118 1.1656
119 1.16947
120 1.16755
121 1.16883
122 1.17062
123 1.18064
124 1.17619
125 1.19056
126 0.857856
127 0.85952
128 0.85728
129 0.86384
130 0.863456
131 0.852608
132 0.86288
133 0.863488
134 0.85536
135 0.8608
136 0.859072
137 0.859552
138 0.863424
139 0.860032
140 0.860384
141 0.856288
142 0.855744
143 0.85888
144 0.859552
145 0.85824
146 0.849504
147 0.847936
148 0.852192
149 0.854656
150 0.852672
151 0.84976
152 0.85072
153 0.853408
154 0.84928
155 0.85024
156 0.849216
157 0.8496
158 0.852256
159 0.850208
160 0.847456
161 0.846016
162 0.851168
163 0.847424
164 0.850528
165 0.850208
166 0.853184
167 0.543936
168 0.544704
169 0.543584
170 0.54336
171 0.542336
172 0.545024
173 0.544192
174 0.54176
175 0.544608
176 0.544128
177 0.543136
178 0.543584
179 0.545408
180 0.54384
181 0.542304
182 0.544512
183 0.543232
184 0.543616
185 0.551904
186 0.544704
187 0.544128
188 0.54512
189 0.544032
190 0.542688
191 0.544256
192 0.543552
193 0.545472
194 0.544992
195 0.5456
196 0.545728
197 0.544
198 0.54448
199 0.545504
200 0.545472
201 0.54272
202 0.544992
203 0.544288
204 0.546208
205 0.546688
206 0.54496
207 0.545504
208 0.554496
209 0.546048
210 0.544288
211 0.548608
212 0.54432
213 0.545216
214 0.544512
215 0.54576
216 0.545472
217 0.54464
218 0.545344
219 0.545664
220 0.545472
221 0.544032
222 0.5456
223 0.545568
224 0.548224
225 0.54592
226 0.545696
227 0.546432
228 0.546432
229 0.546176
230 0.5464
231 0.546176
232 0.545504
233 0.546656
234 0.545216
235 0.545632
236 0.546592
237 0.547936
238 0.546944
239 0.546976
240 0.547872
241 0.546304
242 0.548096
243 0.547072
244 0.548288
245 0.544992
246 0.54736
247 0.547328
248 0.547456
249 0.54688
250 0.546816
251 0.272
252 0.272256
253 0.273184
254 0.272064
255 0.272416
256 0.271488
257 0.274464
258 0.276672
259 0.272
260 0.276288
261 0.274144
262 0.274304
263 0.274304
264 0.274112
265 0.275488
266 0.275456
267 0.274432
268 0.272512
269 0.273632
270 0.274752
271 0.274112
272 0.275648
273 0.275872
274 0.276576
275 0.278688
276 0.275104
277 0.275264
278 0.27728
279 0.276736
280 0.277056
281 0.275552
282 0.275072
283 0.276256
284 0.274656
285 0.276544
286 0.275392
287 0.276704
288 0.276704
289 0.27456
290 0.277184
291 0.2752
292 0.276736
293 0.27616
294 0.277728
295 0.274912
296 0.27888
297 0.276832
298 0.276288
299 0.277408
300 0.274464
301 0.27568
302 0.275968
303 0.275392
304 0.277408
305 0.274592
306 0.27824
307 0.276704
308 0.277888
309 0.277664
310 0.27776
311 0.277632
312 0.275136
313 0.275072
314 0.276224
315 0.276544
316 0.276704
317 0.277024
318 0.276128
319 0.27504
320 0.277696
321 0.276768
322 0.278528
323 0.276448
324 0.276288
325 0.276448
326 0.280992
327 0.277184
328 0.275008
329 0.278368
330 0.275936
331 0.276992
332 0.277984
333 0.276992
334 0.276864
335 0.277152
336 0.277984
337 0.27616
338 0.278944
339 0.278752
340 0.277536
341 0.281472
342 0.276224
343 0.2784
344 0.275136
345 0.277568
346 0.278368
347 0.278048
348 0.277728
349 0.275904
350 0.2784
351 0.275264
352 0.278048
353 0.278432
354 0.277056
355 0.281664
356 0.276576
357 0.278752
358 0.27696
359 0.277792
360 0.27568
361 0.277824
362 0.279872
363 0.27712
364 0.277888
365 0.27712
366 0.277408
367 0.278112
368 0.278208
369 0.278592
370 0.279424
371 0.277376
372 0.275136
373 0.277664
374 0.277632
375 0.278912
376 0.277408
377 0.278144
378 0.279392
379 0.278016
380 0.27792
381 0.277344
382 0.280352
383 0.276928
384 0.277792
385 0.28
386 0.281184
387 0.280416
388 0.279552
389 0.284864
390 0.279872
391 0.27904
392 0.280576
393 0.282144
394 0.27968
395 0.280416
396 0.281408
397 0.277984
398 0.280064
399 0.283648
400 0.2832
401 0.280032
402 0.282144
403 0.282976
404 0.279808
405 0.283616
406 0.281728
407 0.282816
408 0.281184
409 0.282912
410 0.280928
411 0.282272
412 0.280192
413 0.27824
414 0.28128
415 0.282816
416 0.279648
417 0.281792
418 0.280576
419 0.282304
420 0.280416
421 0.28128
422 0.279616
423 0.281344
424 0.28544
425 0.281248
426 0.281856
427 0.28096
428 0.280608
429 0.28336
430 0.281344
431 0.282144
432 0.281376
433 0.281408
434 0.280288
435 0.281984
436 0.281152
437 0.283072
438 0.28352
439 0.280832
440 0.280384
441 0.28144
442 0.281568
443 0.2808
444 0.282464
445 0.283552
446 0.282784
447 0.282432
448 0.282304
449 0.282144
450 0.282816
451 0.283872
452 0.28176
453 0.281888
454 0.282624
455 0.281024
456 0.282048
457 0.279552
458 0.281824
459 0.28128
460 0.283744
461 0.28288
462 0.282176
463 0.281792
464 0.282272
465 0.281376
466 0.28144
467 0.282912
468 0.28128
469 0.283104
470 0.282464
471 0.279776
472 0.283424
473 0.280736
474 0.283168
475 0.280352
476 0.282048
477 0.282496
478 0.282464
479 0.281728
480 0.281696
481 0.281312
482 0.279936
483 0.283328
484 0.282592
485 0.282464
486 0.282624
487 0.281088
488 0.282272
489 0.281568
490 0.282048
491 0.280832
492 0.281248
493 0.281632
494 0.28416
495 0.283456
496 0.280736
497 0.284128
498 0.281152
499 0.28272
500 0.284384
501 0.017248
502 0.017536
503 0.015712
504 0.017056
505 0.015712
506 0.016704
507 0.016608
508 0.01552
509 0.017184
510 0.017568
511 0.016928
512 0.017024
513 0.017696
514 0.01856
515 0.016352
516 0.017568
517 0.016384
518 0.018784
519 0.017248
520 0.017696
521 0.016896
522 0.016224
523 0.017504
524 0.01728
525 0.017344
526 0.017472
527 0.017696
528 0.017824
529 0.016
530 0.01776
531 0.017664
532 0.0176
533 0.017632
534 0.016384
535 0.017696
536 0.015968
537 0.017632
538 0.017088
539 0.016064
540 0.017376
541 0.01568
542 0.017664
543 0.016928
544 0.017152
545 0.017248
546 0.015904
547 0.017536
548 0.0224
549 0.016832
550 0.01728
551 0.016544
552 0.018784
553 0.016384
554 0.028448
555 0.0168
556 0.017376
557 0.01728
558 0.016256
559 0.0176
560 0.016064
561 0.017632
562 0.017888
563 0.0176
564 0.017408
565 0.016832
566 0.017536
567 0.0176
568 0.016672
569 0.017344
570 0.01744
571 0.0176
572 0.015936
573 0.017632
574 0.017088
575 0.017504
576 0.01712
577 0.016
578 0.018752
579 0.017312
580 0.017184
581 0.017312
582 0.015872
583 0.0168
584 0.017344
585 0.017088
586 0.017408
587 0.017248
588 0.017248
589 0.015968
590 0.01744
591 0.01632
592 0.017408
593 0.0176
594 0.015936
595 0.019072
596 0.016
597 0.017216
598 0.017568
599 0.01744
600 0.017024
601 0.015968
602 0.017568
603 0.016032
604 0.017056
605 0.016896
606 0.015904
607 0.01744
608 0.01584
609 0.01728
610 0.017408
611 0.017376
612 0.017408
613 0.015552
614 0.017248
615 0.015872
616 0.017184
617 0.017344
618 0.015904
619 0.017088
620 0.016064
621 0.017024
622 0.017472
623 0.017568
624 0.017536
625 0.016576
626 0.017472
627 0.016256
628 0.017792
629 0.018016
630 0.019072
631 0.017952
632 0.017216
633 0.017792
634 0.017376
635 0.017696
636 0.01728
637 0.016224
638 0.019072
639 0.016032
640 0.017472
641 0.01728
642 0.017984
643 0.017248
644 0.016032
645 0.017248
646 0.015136
647 0.016992
648 0.016992
649 0.016224
650 0.01728
651 0.015808
652 0.01824
653 0.01712
654 0.01728
655 0.017696
656 0.016192
657 0.018016
658 0.016096
659 0.017536
660 0.017536
661 0.01632
662 0.01792
663 0.016128
664 0.017504
665 0.016864
666 0.017344
667 0.017184
668 0.016064
669 0.017248
670 0.015968
671 0.017568
672 0.016896
673 0.017024
674 0.016928
675 0.016128
676 0.01728
677 0.01728
678 0.017184
679 0.017216
680 0.017408
681 0.017568
682 0.01584
683 0.016992
684 0.016928
685 0.014048
686 0.016992
687 0.016288
688 0.017344
689 0.017536
690 0.01808
691 0.017088
692 0.01632
693 0.017888
694 0.016544
695 0.017312
696 0.017184
697 0.017632
698 0.01712
699 0.01616
700 0.017056
