1 0.568768
2 0.361216
3 0.308768
4 0.268512
5 0.23472
6 0.211008
7 0.17488
8 0.181024
9 0.170336
10 0.161056
11 0.153056
12 0.155552
13 0.143328
14 0.13696
15 0.132896
16 0.12944
17 0.125952
18 0.113472
19 0.121056
20 0.1144
21 0.099264
22 0.10128
23 0.095776
24 0.098848
25 0.093184
26 0.094752
27 0.097952
28 0.08464
29 0.088256
30 0.081376
31 0.08272
32 0.08496
33 0.083296
34 0.070048
35 0.073728
36 0.072736
37 0.078368
38 0.066368
39 0.068128
40 0.068384
41 0.065056
42 0.059456
43 0.062912
44 0.061696
45 0.060224
46 0.060768
47 0.058624
48 0.052544
49 0.055936
50 0.055616
51 0.053728
52 0.055168
53 0.057536
54 0.05424
55 0.05088
56 0.044416
57 0.048704
58 0.04512
59 0.046656
60 0.046944
61 0.054912
62 0.05104
63 0.043904
64 0.045088
65 0.0464
66 0.043232
67 0.044224
68 0.04736
69 0.044576
70 0.044896
71 0.044512
72 0.039808
73 0.041056
74 0.043328
75 0.040832
76 0.03808
77 0.040576
78 0.038592
79 0.045504
80 0.040544
81 0.041664
82 0.040416
83 0.040256
84 0.031968
85 0.031936
86 0.038272
87 0.033632
88 0.035168
89 0.032768
90 0.035456
91 0.03312
92 0.032864
93 0.035072
94 0.034976
95 0.034496
96 0.033792
97 0.032864
98 0.037344
99 0.032832
100 0.0344
101 0.027872
102 0.031584
103 0.028672
104 0.030848
105 0.03088
106 0.033088
107 0.028416
108 0.028512
109 0.030304
110 0.030528
111 0.029152
112 0.029312
113 0.029376
114 0.032608
115 0.031008
116 0.032672
117 0.03008
118 0.028928
119 0.029856
120 0.032608
121 0.029344
122 0.031584
123 0.0304
124 0.029664
125 0.031104
126 0.025984
127 0.026624
128 0.025408
129 0.025568
130 0.030848
131 0.024992
132 0.027936
133 0.025184
134 0.026432
135 0.028544
136 0.025824
137 0.025088
138 0.024352
139 0.025792
140 0.028384
141 0.024256
142 0.025792
143 0.026336
144 0.02512
145 0.025216
146 0.027072
147 0.02608
148 0.026688
149 0.02656
150 0.02704
151 0.024384
152 0.025344
153 0.026208
154 0.02608
155 0.025664
156 0.027072
157 0.026944
158 0.025856
159 0.026272
160 0.026464
161 0.026752
162 0.024416
163 0.026752
164 0.028416
165 0.02512
166 0.025568
167 0.021952
168 0.021216
169 0.022624
170 0.022464
171 0.023136
172 0.022304
173 0.021728
174 0.022624
175 0.053408
176 0.02304
177 0.022944
178 0.021792
179 0.022688
180 0.025184
181 0.022272
182 0.023072
183 0.021472
184 0.02128
185 0.021728
186 0.02112
187 0.023232
188 0.02192
189 0.022752
190 0.023264
191 0.02256
192 0.02224
193 0.022624
194 0.024672
195 0.023296
196 0.021664
197 0.021312
198 0.022016
199 0.02032
200 0.023584
201 0.021408
202 0.022016
203 0.0216
204 0.023328
205 0.021472
206 0.022432
207 0.022016
208 0.021152
209 0.022176
210 0.022912
211 0.025888
212 0.023456
213 0.022592
214 0.023424
215 0.021376
216 0.020736
217 0.022368
218 0.021312
219 0.02416
220 0.021888
221 0.022976
222 0.023168
223 0.021728
224 0.021056
225 0.02192
226 0.022304
227 0.025536
228 0.021344
229 0.021152
230 0.02272
231 0.023584
232 0.022112
233 0.021152
234 0.021472
235 0.023104
236 0.022912
237 0.022272
238 0.022048
239 0.022656
240 0.021216
241 0.022592
242 0.023904
243 0.023776
244 0.022144
245 0.024992
246 0.0232
247 0.021824
248 0.02256
249 0.020928
250 0.022016
251 0.016416
252 0.018048
253 0.018816
254 0.02112
255 0.018144
256 0.019072
257 0.017088
258 0.020384
259 0.016864
260 0.018528
261 0.017536
262 0.0184
263 0.019648
264 0.018368
265 0.018176
266 0.0184
267 0.017568
268 0.018464
269 0.017664
270 0.017536
271 0.017888
272 0.017888
273 0.01872
274 0.018496
275 0.017664
276 0.020096
277 0.018208
278 0.018912
279 0.018016
280 0.01872
281 0.018464
282 0.018848
283 0.017024
284 0.01888
285 0.017536
286 0.01872
287 0.017536
288 0.016896
289 0.01696
290 0.0176
291 0.018464
292 0.020288
293 0.018784
294 0.017728
295 0.017888
296 0.020224
297 0.017216
298 0.018304
299 0.017248
300 0.01744
301 0.016736
302 0.018688
303 0.017536
304 0.019552
305 0.019392
306 0.020288
307 0.019072
308 0.017792
309 0.019552
310 0.019264
311 0.018528
312 0.01872
313 0.020992
314 0.018528
315 0.0184
316 0.01984
317 0.018144
318 0.020064
319 0.022496
320 0.018848
321 0.017088
322 0.020448
323 0.018368
324 0.017888
325 0.017408
326 0.018912
327 0.017888
328 0.0192
329 0.019584
330 0.01824
331 0.017216
332 0.018752
333 0.018208
334 0.01904
335 0.016992
336 0.018592
337 0.018016
338 0.019552
339 0.0208
340 0.019904
341 0.019008
342 0.01888
343 0.017568
344 0.018112
345 0.016768
346 0.01696
347 0.018208
348 0.018048
349 0.018208
350 0.018592
351 0.017824
352 0.017344
353 0.01728
354 0.021504
355 0.019168
356 0.019712
357 0.019264
358 0.019328
359 0.019968
360 0.023232
361 0.017824
362 0.018176
363 0.01824
364 0.017728
365 0.018208
366 0.01824
367 0.018144
368 0.018144
369 0.018432
370 0.019328
371 0.018976
372 0.020128
373 0.019008
374 0.019296
375 0.017792
376 0.019488
377 0.017696
378 0.018272
379 0.01776
380 0.018688
381 0.018144
382 0.021696
383 0.018304
384 0.01856
385 0.017152
386 0.018976
387 0.019136
388 0.018848
389 0.01776
390 0.017632
391 0.019296
392 0.018208
393 0.018528
394 0.018208
395 0.018656
396 0.018272
397 0.018464
398 0.018176
399 0.01936
400 0.01888
401 0.018368
402 0.018336
403 0.019168
404 0.018752
405 0.018976
406 0.018944
407 0.01648
408 0.01952
409 0.018656
410 0.019328
411 0.018464
412 0.017792
413 0.020128
414 0.018304
415 0.017376
416 0.018976
417 0.0184
418 0.017728
419 0.017696
420 0.017152
421 0.01824
422 0.018144
423 0.018784
424 0.021088
425 0.018816
426 0.019968
427 0.017696
428 0.018752
429 0.017632
430 0.017824
431 0.017504
432 0.017632
433 0.018368
434 0.018336
435 0.019072
436 0.018656
437 0.019968
438 0.019072
439 0.017792
440 0.02
441 0.01968
442 0.01792
443 0.018848
444 0.017856
445 0.019552
446 0.018848
447 0.017824
448 0.018528
449 0.017536
450 0.020928
451 0.017664
452 0.018496
453 0.023296
454 0.018624
455 0.017696
456 0.01856
457 0.019488
458 0.018848
459 0.017664
460 0.018272
461 0.018144
462 0.019552
463 0.018592
464 0.01744
465 0.01856
466 0.019808
467 0.024928
468 0.018432
469 0.019104
470 0.020384
471 0.018176
472 0.026176
473 0.017184
474 0.018368
475 0.02
476 0.017312
477 0.017792
478 0.018752
479 0.017792
480 0.017696
481 0.017568
482 0.017888
483 0.018304
484 0.018336
485 0.0176
486 0.01968
487 0.01808
488 0.017792
489 0.017184
490 0.017824
491 0.019744
492 0.017728
493 0.019552
494 0.017952
495 0.018688
496 0.01776
497 0.018432
498 0.018784
499 0.0176
500 0.01936
501 0.012992
502 0.013152
503 0.01232
504 0.012672
505 0.012064
506 0.012192
507 0.012576
508 0.012448
509 0.012384
510 0.015072
511 0.0112
512 0.012544
513 0.013056
514 0.014688
515 0.012768
516 0.012576
517 0.012832
518 0.012544
519 0.012864
520 0.0128
521 0.012544
522 0.013152
523 0.012704
524 0.012864
525 0.012352
526 0.013344
527 0.011808
528 0.013024
529 0.013088
530 0.013728
531 0.01312
532 0.01344
533 0.013312
534 0.013696
535 0.012448
536 0.01264
537 0.013024
538 0.012768
539 0.01264
540 0.01296
541 0.013248
542 0.012544
543 0.012864
544 0.013312
545 0.012768
546 0.013728
547 0.01296
548 0.012864
549 0.012864
550 0.012864
551 0.012832
552 0.015456
553 0.012928
554 0.012992
555 0.012704
556 0.012576
557 0.013152
558 0.014208
559 0.013248
560 0.012768
561 0.012928
562 0.013312
563 0.013344
564 0.013344
565 0.01328
566 0.013024
567 0.012448
568 0.012736
569 0.013248
570 0.012864
571 0.012512
572 0.01312
573 0.012896
574 0.012736
575 0.012864
576 0.012832
577 0.013216
578 0.014528
579 0.013568
580 0.012832
581 0.012896
582 0.013312
583 0.012768
584 0.012576
585 0.012896
586 0.012928
587 0.01296
588 0.011168
589 0.0128
590 0.013216
591 0.013504
592 0.0128
593 0.013056
594 0.01312
595 0.014912
596 0.013536
597 0.013408
598 0.013568
599 0.013408
600 0.012736
601 0.01248
602 0.01264
603 0.012416
604 0.0128
605 0.012896
606 0.012704
607 0.012704
608 0.012992
609 0.012768
610 0.013024
611 0.012992
612 0.01312
613 0.012896
614 0.012672
615 0.01248
616 0.01312
617 0.013056
618 0.01328
619 0.012736
620 0.013152
621 0.013152
622 0.01312
623 0.013408
624 0.01312
625 0.013376
626 0.013824
627 0.01312
628 0.01344
629 0.013664
630 0.014016
631 0.01312
632 0.01296
633 0.013152
634 0.012736
635 0.013344
636 0.0128
637 0.01296
638 0.015712
639 0.012768
640 0.012768
641 0.013088
642 0.014144
643 0.012864
644 0.013344
645 0.012928
646 0.012768
647 0.0128
648 0.01328
649 0.012704
650 0.012832
651 0.013344
652 0.013216
653 0.012768
654 0.012992
655 0.013024
656 0.013376
657 0.013408
658 0.01328
659 0.013248
660 0.013504
661 0.013312
662 0.013152
663 0.012672
664 0.012576
665 0.012544
666 0.012896
667 0.01312
668 0.012768
669 0.012832
670 0.01344
671 0.013152
672 0.012704
673 0.012768
674 0.013376
675 0.013216
676 0.013408
677 0.013152
678 0.013248
679 0.012576
680 0.015872
681 0.012768
682 0.012896
683 0.01264
684 0.012544
685 0.012928
686 0.013184
687 0.013056
688 0.013024
689 0.013152
690 0.013472
691 0.0136
692 0.013504
693 0.013344
694 0.013472
695 0.012896
696 0.012608
697 0.012544
698 0.013152
699 0.01312
700 0.013088
