1 57.3428
2 31.1939
3 20.9131
4 16.7681
5 13.516
6 11.9062
7 10.2381
8 9.47146
9 8.45168
10 8.10483
11 7.34022
12 7.02333
13 6.73504
14 6.38586
15 6.23917
16 5.93962
17 5.55155
18 5.1488
19 5.01024
20 4.86982
21 4.3951
22 4.21222
23 4.02717
24 3.82429
25 3.91731
26 3.70602
27 3.47802
28 3.25456
29 3.31757
30 3.07341
31 3.1375
32 2.88982
33 2.88467
34 2.62394
35 2.62397
36 2.36003
37 2.36048
38 2.35994
39 2.11421
40 2.11469
41 2.1161
42 1.89302
43 1.89398
44 1.89501
45 1.89683
46 1.65872
47 1.66019
48 1.66211
49 1.66173
50 1.6608
51 1.47453
52 1.47558
53 1.47379
54 1.47466
55 1.4735
56 1.26272
57 1.26138
58 1.26234
59 1.26442
60 1.26835
61 1.27472
62 1.2793
63 1.10186
64 1.10634
65 1.10643
66 1.10906
67 1.10854
68 1.10842
69 1.10877
70 1.11062
71 1.11104
72 0.919744
73 0.921024
74 0.920608
75 0.922016
76 0.922752
77 0.923104
78 0.923552
79 0.923712
80 0.925792
81 0.92512
82 0.927296
83 0.927808
84 0.750752
85 0.750752
86 0.752288
87 0.752768
88 0.752192
89 0.753184
90 0.75744
91 0.75744
92 0.758368
93 0.762912
94 0.7704
95 0.789824
96 0.791584
97 0.791424
98 0.79216
99 0.789696
100 0.788992
101 0.602336
102 0.599296
103 0.599104
104 0.615104
105 0.597056
106 0.596448
107 0.593376
108 0.596448
109 0.5928
110 0.59328
111 0.595456
112 0.593024
113 0.598336
114 0.59456
115 0.59712
116 0.595136
117 0.589248
118 0.595008
119 0.596
120 0.59824
121 0.59296
122 0.599232
123 0.599616
124 0.596192
125 0.601024
126 0.440768
127 0.434208
128 0.436768
129 0.438016
130 0.439136
131 0.436672
132 0.440544
133 0.440896
134 0.43456
135 0.436544
136 0.435872
137 0.436256
138 0.43952
139 0.437024
140 0.436544
141 0.434016
142 0.437376
143 0.43696
144 0.432384
145 0.43328
146 0.43344
147 0.433792
148 0.43392
149 0.432544
150 0.432384
151 0.433728
152 0.434464
153 0.43264
154 0.434176
155 0.432608
156 0.431072
157 0.430912
158 0.432512
159 0.433664
160 0.43184
161 0.43248
162 0.433184
163 0.434624
164 0.433056
165 0.432288
166 0.432192
167 0.277856
168 0.28048
169 0.278112
170 0.278688
171 0.278752
172 0.279392
173 0.278944
174 0.278208
175 0.280032
176 0.290048
177 0.280352
178 0.279616
179 0.28016
180 0.285728
181 0.279648
182 0.280544
183 0.27808
184 0.278144
185 0.27968
186 0.280704
187 0.279488
188 0.28208
189 0.27984
190 0.280288
191 0.27936
192 0.279264
193 0.27872
194 0.282208
195 0.28016
196 0.280512
197 0.279232
198 0.279136
199 0.279936
200 0.279488
201 0.279264
202 0.280128
203 0.280256
204 0.279552
205 0.27936
206 0.280416
207 0.28
208 0.280256
209 0.279712
210 0.280704
211 0.282176
212 0.280608
213 0.279584
214 0.281632
215 0.280928
216 0.279424
217 0.280576
218 0.279936
219 0.278912
220 0.280384
221 0.27952
222 0.281056
223 0.280864
224 0.28112
225 0.280672
226 0.280352
227 0.279648
228 0.279424
229 0.281472
230 0.280448
231 0.280416
232 0.28048
233 0.281952
234 0.28032
235 0.281184
236 0.281728
237 0.279968
238 0.280928
239 0.281344
240 0.28176
241 0.28112
242 0.280896
243 0.281984
244 0.282304
245 0.28096
246 0.282176
247 0.280576
248 0.280288
249 0.280416
250 0.280224
251 0.144288
252 0.144064
253 0.144576
254 0.145536
255 0.143104
256 0.143424
257 0.144896
258 0.146784
259 0.1448
260 0.14416
261 0.144736
262 0.144544
263 0.14464
264 0.145984
265 0.143776
266 0.145248
267 0.144672
268 0.144896
269 0.145408
270 0.145792
271 0.165632
272 0.144608
273 0.1456
274 0.145504
275 0.1456
276 0.146336
277 0.146112
278 0.1456
279 0.144704
280 0.145024
281 0.14512
282 0.144832
283 0.14448
284 0.145696
285 0.145216
286 0.146144
287 0.144992
288 0.144992
289 0.146496
290 0.146528
291 0.146048
292 0.1456
293 0.146752
294 0.146176
295 0.146112
296 0.147392
297 0.144608
298 0.145984
299 0.145344
300 0.145856
301 0.145568
302 0.145632
303 0.145984
304 0.150688
305 0.146016
306 0.152704
307 0.147296
308 0.146496
309 0.14608
310 0.145984
311 0.1456
312 0.144832
313 0.146144
314 0.145824
315 0.144832
316 0.145312
317 0.14672
318 0.144768
319 0.145984
320 0.146688
321 0.145984
322 0.148096
323 0.147104
324 0.146752
325 0.146496
326 0.145728
327 0.146176
328 0.146272
329 0.147136
330 0.151808
331 0.145728
332 0.145952
333 0.14624
334 0.146016
335 0.147712
336 0.14672
337 0.147168
338 0.147616
339 0.148768
340 0.147168
341 0.147104
342 0.146688
343 0.146176
344 0.146816
345 0.146976
346 0.146016
347 0.146144
348 0.14688
349 0.146752
350 0.147328
351 0.147712
352 0.147616
353 0.147168
354 0.146016
355 0.14672
356 0.147104
357 0.14656
358 0.147648
359 0.147104
360 0.1456
361 0.146688
362 0.14736
363 0.147008
364 0.1472
365 0.145984
366 0.146592
367 0.146656
368 0.147616
369 0.146944
370 0.147776
371 0.147712
372 0.147616
373 0.148064
374 0.147616
375 0.147104
376 0.1464
377 0.147456
378 0.147168
379 0.146432
380 0.147296
381 0.146144
382 0.149056
383 0.147328
384 0.146848
385 0.14656
386 0.149184
387 0.146912
388 0.1464
389 0.148064
390 0.148288
391 0.14848
392 0.147232
393 0.14848
394 0.149824
395 0.146592
396 0.14832
397 0.148768
398 0.147328
399 0.149216
400 0.14848
401 0.149376
402 0.149568
403 0.149376
404 0.14736
405 0.149312
406 0.147264
407 0.146112
408 0.147456
409 0.14816
410 0.147808
411 0.148768
412 0.148736
413 0.150048
414 0.149504
415 0.14832
416 0.14704
417 0.148864
418 0.149152
419 0.148608
420 0.148352
421 0.148704
422 0.146816
423 0.148736
424 0.150464
425 0.14816
426 0.14912
427 0.14784
428 0.14832
429 0.147904
430 0.147328
431 0.148256
432 0.14896
433 0.149152
434 0.150656
435 0.14832
436 0.149248
437 0.147136
438 0.148064
439 0.147168
440 0.149344
441 0.147872
442 0.14784
443 0.148512
444 0.14832
445 0.147168
446 0.148512
447 0.148
448 0.148928
449 0.148256
450 0.150496
451 0.149408
452 0.14784
453 0.153088
454 0.148448
455 0.148512
456 0.148864
457 0.148768
458 0.148672
459 0.148672
460 0.147936
461 0.148704
462 0.149632
463 0.149472
464 0.1496
465 0.15088
466 0.148576
467 0.152096
468 0.149984
469 0.149888
470 0.14864
471 0.147552
472 0.149248
473 0.149408
474 0.148544
475 0.149408
476 0.15024
477 0.14912
478 0.148608
479 0.148672
480 0.148608
481 0.148224
482 0.14864
483 0.149728
484 0.148576
485 0.149088
486 0.149024
487 0.14864
488 0.149152
489 0.147904
490 0.14976
491 0.148448
492 0.148736
493 0.148896
494 0.147904
495 0.148864
496 0.149024
497 0.149568
498 0.150112
499 0.149408
500 0.148704
501 0.016192
502 0.016416
503 0.015808
504 0.015648
505 0.015936
506 0.016192
507 0.016256
508 0.015904
509 0.01632
510 0.018752
511 0.016032
512 0.016224
513 0.016512
514 0.018592
515 0.016416
516 0.016224
517 0.01616
518 0.016416
519 0.016224
520 0.016064
521 0.016256
522 0.016384
523 0.016288
524 0.017216
525 0.016544
526 0.01696
527 0.016384
528 0.016512
529 0.016768
530 0.01664
531 0.016736
532 0.016608
533 0.016672
534 0.017024
535 0.016736
536 0.016384
537 0.01632
538 0.016192
539 0.01664
540 0.016416
541 0.016256
542 0.016224
543 0.016224
544 0.017056
545 0.016672
546 0.016704
547 0.016128
548 0.016352
549 0.016064
550 0.016512
551 0.01664
552 0.01872
553 0.016864
554 0.016256
555 0.016416
556 0.01584
557 0.015392
558 0.016288
559 0.01648
560 0.016384
561 0.016416
562 0.016992
563 0.01648
564 0.0168
565 0.016704
566 0.016928
567 0.015712
568 0.016832
569 0.016576
570 0.01632
571 0.016288
572 0.016064
573 0.016128
574 0.015904
575 0.01648
576 0.016288
577 0.01632
578 0.018144
579 0.016416
580 0.016384
581 0.016288
582 0.016608
583 0.016896
584 0.016608
585 0.016064
586 0.016256
587 0.016
588 0.016832
589 0.015776
590 0.01648
591 0.016416
592 0.01632
593 0.016832
594 0.017024
595 0.01904
596 0.017248
597 0.016928
598 0.016864
599 0.016544
600 0.01584
601 0.01664
602 0.015872
603 0.016128
604 0.016288
605 0.016128
606 0.015904
607 0.016672
608 0.016064
609 0.016576
610 0.016128
611 0.01632
612 0.015648
613 0.016288
614 0.029152
615 0.016384
616 0.016352
617 0.01648
618 0.016384
619 0.015968
620 0.01728
621 0.016416
622 0.01616
623 0.0168
624 0.01616
625 0.016928
626 0.016768
627 0.017344
628 0.016704
629 0.016864
630 0.01648
631 0.0168
632 0.016384
633 0.01648
634 0.015776
635 0.016448
636 0.016256
637 0.016192
638 0.018112
639 0.016608
640 0.01664
641 0.016544
642 0.017984
643 0.016448
644 0.016096
645 0.016128
646 0.01632
647 0.016384
648 0.016672
649 0.017152
650 0.01632
651 0.016416
652 0.016384
653 0.016768
654 0.015872
655 0.016704
656 0.016512
657 0.01664
658 0.016192
659 0.016704
660 0.016576
661 0.016864
662 0.016672
663 0.016576
664 0.016384
665 0.016192
666 0.015808
667 0.017408
668 0.016672
669 0.01664
670 0.016672
671 0.016768
672 0.016
673 0.01664
674 0.01616
675 0.01616
676 0.016384
677 0.015872
678 0.016672
679 0.016448
680 0.01856
681 0.016288
682 0.016384
683 0.016384
684 0.016032
685 0.01632
686 0.016
687 0.016608
688 0.0168
689 0.016896
690 0.01712
691 0.016832
692 0.017216
693 0.017152
694 0.01696
695 0.016064
696 0.01664
697 0.015648
698 0.016576
699 0.016672
700 0.016544
