1 1.20045
2 1.15613
3 1.15594
4 1.15302
5 1.15043
6 1.15443
7 1.15709
8 1.15501
9 1.15088
10 1.15245
11 1.15418
12 1.15328
13 1.14886
14 1.15229
15 1.15418
16 1.1497
17 1.14877
18 1.15056
19 1.1536
20 1.15117
21 1.1496
22 1.15117
23 1.15434
24 1.15072
25 1.14656
26 1.15187
27 1.15328
28 1.14813
29 1.14803
30 1.1511
31 1.15411
32 1.15254
33 1.15088
34 1.15203
35 1.14848
36 1.15456
37 1.15043
38 1.15347
39 1.14845
40 1.15421
41 1.1479
42 1.15376
43 1.1497
44 1.15402
45 1.14918
46 1.15334
47 1.14643
48 1.15328
49 1.15088
50 1.15245
51 1.12902
52 1.11002
54 1.07069
55 1.0496
56 1.02605
57 1.00694
58 1.00362
60 0.96432
62 0.945632
63 0.92064
64 0.922304
65 0.900736
66 0.87888
68 0.860672
69 0.861536
70 0.839616
72 0.81936
74 0.798528
75 0.796672
76 0.7792
77 0.777952
78 0.777472
80 0.757056
81 0.735808
82 0.735104
84 0.714368
85 0.71216
86 0.713184
87 0.691424
88 0.692672
90 0.671808
91 0.670656
92 0.672384
93 0.650208
94 0.650496
95 0.649312
96 0.651872
98 0.6288
99 0.627296
100 0.629952
102 0.6032
104 0.603712
105 0.578848
108 0.58
110 0.5552
111 0.554272
112 0.555488
114 0.531392
115 0.53088
116 0.531072
117 0.531264
119 0.52976
120 0.506144
121 0.508416
123 0.50736
124 0.506528
125 0.506208
126 0.482624
128 0.481376
129 0.48064
130 0.482464
132 0.457536
133 0.456352
135 0.458272
136 0.458144
138 0.456288
140 0.43184
141 0.43312
143 0.4336
144 0.432512
145 0.432832
147 0.433344
148 0.40928
150 0.407424
152 0.407616
153 0.408288
154 0.407776
155 0.407488
156 0.408672
160 0.382656
161 0.384256
162 0.383776
164 0.383488
165 0.384704
168 0.35904
169 0.360832
170 0.360416
171 0.359584
172 0.359968
174 0.359616
175 0.359744
176 0.35936
180 0.334336
182 0.334592
184 0.334208
185 0.334432
186 0.334752
187 0.33392
188 0.334656
189 0.33504
190 0.333792
192 0.33488
195 0.309824
196 0.310464
198 0.311616
200 0.309984
203 0.310656
204 0.309472
205 0.308992
207 0.309312
208 0.309632
209 0.284288
210 0.286464
215 0.285312
216 0.282432
217 0.284768
220 0.285248
221 0.2848
222 0.285152
224 0.28512
225 0.28784
228 0.261024
230 0.259744
231 0.259808
232 0.259936
234 0.26096
235 0.260448
238 0.261568
240 0.261216
242 0.259712
243 0.259104
245 0.260224
246 0.259936
247 0.26048
248 0.260544
250 0.26112
252 0.236512
253 0.235392
255 0.234944
256 0.23632
258 0.23568
259 0.2368
260 0.235456
261 0.235744
264 0.236
266 0.235648
270 0.23488
272 0.23424
273 0.236032
275 0.235232
276 0.23552
279 0.210592
280 0.210752
282 0.211584
285 0.21088
286 0.210848
287 0.210624
288 0.211232
289 0.209344
290 0.210336
294 0.2112
296 0.2104
297 0.21072
299 0.211424
300 0.208576
301 0.210496
304 0.211424
306 0.211328
308 0.21104
310 0.210688
312 0.210496
315 0.18512
319 0.185536
320 0.184704
322 0.185984
323 0.186272
324 0.186176
325 0.186336
328 0.185376
329 0.185856
330 0.18592
333 0.185952
336 0.185472
338 0.186336
340 0.186048
341 0.186528
342 0.186176
343 0.185696
344 0.185792
345 0.185248
348 0.185664
350 0.185664
351 0.185952
352 0.185632
357 0.18544
360 0.160576
361 0.162752
363 0.161568
364 0.16064
368 0.161152
369 0.160672
370 0.160096
372 0.161408
374 0.161216
375 0.160448
376 0.16048
377 0.161056
378 0.160832
380 0.16
384 0.158048
385 0.160736
387 0.160576
390 0.16016
391 0.16064
392 0.160384
396 0.160672
399 0.160096
400 0.160032
403 0.16096
405 0.160608
406 0.16
407 0.160512
408 0.15952
410 0.160928
414 0.16016
416 0.16128
418 0.13536
420 0.13424
423 0.13552
425 0.13584
429 0.13536
430 0.135008
432 0.135392
434 0.135328
435 0.135456
437 0.13552
440 0.136128
441 0.13584
442 0.136096
444 0.135008
448 0.135392
450 0.135584
451 0.135488
455 0.135712
456 0.1352
459 0.13584
460 0.134816
462 0.135872
464 0.135936
465 0.135552
468 0.134912
470 0.1352
473 0.13568
475 0.135232
476 0.135744
480 0.13488
481 0.135904
483 0.135072
484 0.135808
486 0.13568
490 0.135072
492 0.135232
493 0.135104
494 0.13552
495 0.1352
496 0.13568
500 0.134976
504 0.109504
506 0.11024
507 0.110528
510 0.11248
512 0.110304
513 0.109984
516 0.110624
517 0.110272
518 0.112672
520 0.110784
522 0.110528
525 0.110176
527 0.110432
528 0.11056
529 0.1128
532 0.111008
533 0.110848
539 0.110848
540 0.10992
544 0.110496
546 0.110944
550 0.110624
551 0.110208
552 0.110368
555 0.110784
558 0.1104
559 0.110176
560 0.110624
561 0.110304
564 0.110496
567 0.11472
570 0.110336
572 0.110944
574 0.110208
575 0.11104
576 0.110304
578 0.110272
580 0.110048
585 0.110176
588 0.110656
589 0.109952
592 0.110688
594 0.110656
595 0.111552
598 0.111424
600 0.110112
602 0.110528
608 0.110176
609 0.110176
611 0.110496
612 0.110784
615 0.110304
616 0.110112
620 0.110528
621 0.11024
624 0.110272
625 0.112544
627 0.085248
629 0.085312
630 0.084864
637 0.085888
638 0.084864
640 0.085088
644 0.085152
645 0.085472
646 0.08544
648 0.085184
650 0.085984
651 0.085088
656 0.085216
658 0.08512
660 0.085376
663 0.085472
665 0.084896
666 0.084864
667 0.085248
672 0.084864
675 0.0856
676 0.08512
680 0.085536
682 0.084928
684 0.084928
686 0.08544
688 0.08512
690 0.085312
693 0.084864
696 0.084864
697 0.085248
700 0.084928
702 0.084864
703 0.084896
704 0.085632
705 0.085376
713 0.08528
714 0.085344
720 0.085248
722 0.085376
725 0.085728
726 0.085888
728 0.085472
729 0.087424
731 0.085856
735 0.087136
736 0.085184
738 0.08464
740 0.0856
741 0.08512
744 0.08528
748 0.085152
750 0.085824
752 0.0856
754 0.085376
756 0.085216
759 0.085472
760 0.085824
765 0.08576
768 0.085248
770 0.085408
774 0.084832
775 0.085216
777 0.085184
779 0.084736
780 0.085568
782 0.085024
783 0.08544
784 0.085312
792 0.084736
798 0.085184
799 0.085504
800 0.084992
805 0.0856
806 0.085568
810 0.0848
812 0.085024
814 0.085056
816 0.085248
817 0.084992
819 0.084736
820 0.085472
825 0.085088
828 0.084864
832 0.085824
833 0.087616
836 0.059808
837 0.060192
840 0.059808
841 0.062336
846 0.059776
850 0.060704
851 0.059776
855 0.060384
858 0.059936
860 0.060064
861 0.059904
864 0.059904
868 0.060064
870 0.060096
874 0.059648
875 0.060096
880 0.06
882 0.059552
884 0.060672
888 0.060032
891 0.059968
893 0.059936
896 0.060064
897 0.059936
899 0.06016
900 0.05952
902 0.059904
903 0.06
910 0.061856
912 0.060256
918 0.060192
920 0.0608
924 0.060192
925 0.059936
928 0.059904
930 0.060096
931 0.060224
936 0.059904
940 0.060256
943 0.059936
945 0.05968
946 0.059968
950 0.059744
952 0.059744
957 0.062976
960 0.060128
961 0.062176
962 0.059808
966 0.06
968 0.060064
972 0.06016
975 0.060256
980 0.06
984 0.059936
986 0.060992
987 0.059648
988 0.06016
989 0.059968
990 0.060288
992 0.06096
999 0.060064
1000 0.059904
1008 0.059904
1012 0.059904
1014 0.060064
1015 0.06
1020 0.060672
1023 0.059968
1024 0.059776
1025 0.059776
1026 0.059968
1029 0.05952
1032 0.059904
1034 0.059712
1035 0.062976
1036 0.059616
1040 0.059808
1044 0.060768
1050 0.059392
1053 0.06
1054 0.059776
1056 0.059552
1058 0.060768
1064 0.06064
1066 0.060224
1073 0.059936
1075 0.059776
1078 0.060512
1080 0.056448
1081 0.060096
1085 0.059904
1088 0.060352
1089 0.061984
1092 0.060384
1100 0.060608
1102 0.059936
1104 0.06048
1107 0.060576
1110 0.06
1116 0.05952
1118 0.059872
1120 0.059776
1122 0.060128
1125 0.060416
1127 0.060032
1128 0.060992
1131 0.059776
1134 0.060128
1140 0.059936
1144 0.06016
1147 0.060352
1148 0.05984
1150 0.059872
1152 0.06
1155 0.060032
1156 0.059872
1160 0.062112
1161 0.059808
1170 0.059904
1175 0.059712
1176 0.05968
1178 0.059776
1184 0.059616
1188 0.06192
1189 0.06112
1190 0.05952
1196 0.059872
1200 0.059904
1204 0.060192
1209 0.059904
1215 0.059808
1216 0.060384
1218 0.059968
1221 0.059616
1222 0.059552
1224 0.059488
1225 0.059776
1230 0.05984
1232 0.060128
1240 0.060416
1242 0.05984
1247 0.060128
1248 0.059904
1250 0.060032
1254 0.034208
1258 0.03376
1260 0.034016
1269 0.034432
1271 0.034432
1274 0.034272
1276 0.034464
1280 0.03424
1287 0.034016
1288 0.03456
1290 0.034048
1292 0.03408
1295 0.033888
1296 0.034432
1300 0.034784
1302 0.03408
1305 0.0344
1312 0.033952
1316 0.03424
1320 0.034176
1323 0.034176
1326 0.033984
1330 0.034816
1332 0.03392
1333 0.034784
1334 0.03408
1344 0.030816
1350 0.033952
1353 0.034144
1360 0.031584
1363 0.034272
1364 0.034112
1365 0.033824
1368 0.03504
1369 0.036288
1372 0.03424
1376 0.03584
1380 0.034176
1386 0.033888
1392 0.034176
1394 0.033632
1395 0.034272
1400 0.033952
1404 0.03456
1406 0.034528
1408 0.034016
1410 0.034176
1419 0.034112
1421 0.034368
1426 0.033856
1428 0.033984
1435 0.033792
1440 0.034016
1443 0.034304
1444 0.034048
1450 0.034112
1452 0.034368
1457 0.034144
1462 0.033664
1470 0.034112
1472 0.034688
1476 0.034304
1480 0.033888
1482 0.034368
1485 0.034016
1488 0.03424
1496 0.033856
1500 0.034592
1504 0.034016
1505 0.033632
1512 0.034112
1517 0.034176
1518 0.034176
1519 0.034176
1520 0.0344
1521 0.036448
1530 0.033856
1536 0.034016
1540 0.031808
1548 0.034208
1550 0.034272
1551 0.034272
1554 0.034112
1558 0.034336
1560 0.035296
1564 0.033856
1568 0.034272
1575 0.03376
1584 0.034112
1591 0.035456
1596 0.034784
1598 0.034048
1599 0.034432
1600 0.034112
1610 0.033696
1617 0.0344
1620 0.034176
1628 0.034656
1632 0.0336
1634 0.034144
1638 0.034208
1640 0.033664
1645 0.03376
1650 0.034944
1656 0.034528
1665 0.03456
1666 0.033664
1672 0.033984
1677 0.034112
1680 0.034592
1681 0.03632
1692 0.034016
1700 0.034048
1702 0.03408
1710 0.034368
1715 0.033856
1716 0.033984
1720 0.0336
1722 0.034304
1728 0.034048
1739 0.034144
1748 0.03424
1750 0.034656
1755 0.034176
1760 0.033792
1763 0.033728
1764 0.03408
1776 0.033984
1786 0.034208
1794 0.034976
1800 0.034144
1804 0.034112
1806 0.034208
1813 0.034048
1824 0.03392
1833 0.03424
1840 0.034176
1845 0.033632
1848 0.034016
1849 0.036608
1850 0.034528
1862 0.034048
1872 0.034432
1880 0.03408
1886 0.033888
1890 0.034464
1892 0.034592
1900 0.034496
1911 0.03424
1920 0.034048
1927 0.033984
1932 0.035296
1935 0.034112
1936 0.034112
1950 0.034176
1960 0.034848
1968 0.033632
1974 0.03408
1978 0.03376
1980 0.034048
2000 0.034112
2009 0.036224
2016 0.034016
2021 0.03408
2024 0.034432
2025 0.036096
2050 0.034336
2058 0.034272
2064 0.034784
2068 0.033888
2070 0.033856
2100 0.034816
2107 0.034048
2112 0.033984
2115 0.034656
2116 0.033696
2150 0.034208
2156 0.034336
2160 0.03392
2162 0.033728
2200 0.034496
2205 0.035008
2208 0.033984
2209 0.036256
2250 0.030752
2254 0.033728
2256 0.035296
2300 0.034656
2303 0.034176
2304 0.034528
2350 0.03408
2352 0.034336
2400 0.034048
2401 0.036288
2450 0.034496
2500 0.033792
