2 115.223
4 115.38
6 115.618
9 115.316
12 115.136
16 115.42
20 115.705
25 115.41
30 115.138
36 115.359
42 115.645
49 115.334
56 115.076
64 115.326
72 115.585
81 115.361
90 115.122
100 115.423
110 115.636
121 115.298
132 115.141
144 115.424
156 115.685
169 115.365
182 115.192
196 115.456
210 115.673
225 115.386
240 115.185
256 115.667
272 115.182
289 115.713
306 115.211
324 115.711
342 115.154
361 115.752
380 115.176
400 115.688
420 115.169
441 115.654
462 115.164
484 115.66
506 113.932
529 109.758
552 105.124
576 101.697
600 97.54
625 94.4907
650 90.8453
676 87.9119
702 84.973
729 82.2495
756 79.5268
784 77.1471
812 74.6679
841 72.6924
870 70.4964
900 68.4675
930 66.5096
961 64.8406
992 63.1814
1024 61.297
1056 59.3169
1089 57.5299
1122 55.8687
1156 54.3746
1190 52.9093
1225 51.4169
1260 49.9564
1296 48.4812
1332 47.2481
1369 46.0097
1406 44.7771
1444 43.7776
1482 42.5866
1521 41.6555
1560 40.8484
1600 40.0495
1640 39.2691
1681 38.4337
1722 37.7844
1764 36.9775
1806 36.3739
1849 35.7315
1892 35.1314
1936 34.5177
1980 33.8886
2025 33.1738
2070 32.3831
2116 31.8726
2162 31.073
2209 30.5436
2256 29.8004
2304 29.2693
2352 28.7316
2401 28.2047
2450 27.71
2500 27.1705
2550 26.7772
2601 26.3959
2652 26.0127
2704 25.6383
2756 25.2792
2809 24.8807
2862 24.6988
2916 24.3005
2970 24.109
3025 23.6415
3080 23.3568
3136 22.792
3192 22.5259
3249 21.9618
3306 21.6927
3364 21.4141
3422 21.1324
3481 20.6246
3540 20.4412
3600 20.2809
3660 20.121
3721 19.9396
3782 19.769
3844 19.6062
3906 19.4259
3969 19.0328
4032 19.035
4096 18.7341
4160 18.4379
4225 18.1452
4290 17.8634
4356 17.5719
4422 17.2836
4489 17.0585
4556 16.9067
4624 16.9141
4692 16.7552
4761 16.593
4830 16.4289
4900 16.4383
4970 16.2772
5041 15.9741
5112 15.6649
5184 15.675
5256 15.3688
5329 15.0708
5402 15.0633
5476 14.8333
5550 14.8401
5625 14.6862
5700 14.5397
5776 14.5327
5852 14.3725
5929 14.3661
6006 14.1801
6084 14.1775
6162 13.9741
6241 13.9694
6320 13.7574
6400 13.7528
6480 13.5295
6561 13.5368
6642 13.326
6724 13.3348
6806 13.1135
6889 13.118
6972 12.9198
7056 12.9133
7140 12.9161
7225 12.746
7310 12.7499
7396 12.5776
7482 12.5753
7569 12.5648
7656 12.3921
7744 12.3962
7832 11.9487
7921 11.9498
8010 11.9462
8100 11.6524
8190 11.6561
8281 11.6527
8372 11.2136
8464 11.1988
8556 11.209
8649 10.882
8742 10.8923
8836 10.8756
8930 10.4737
9025 10.4778
9120 10.4745
9216 10.478
9312 10.0952
9409 10.0915
9506 10.0909
9604 10.0796
9702 9.73914
9801 9.74672
9900 9.7417
10000 9.7585
10100 9.38438
10201 9.38602
10302 9.38032
10404 9.38963
10506 8.98755
10609 8.98285
10712 8.98048
10816 8.98518
10920 8.59267
11025 8.60813
11130 8.59408
11236 8.60368
11342 8.60486
11449 8.22547
11556 8.23555
11664 8.22288
11772 8.23501
11881 8.22346
11990 7.86816
12100 7.86198
12210 7.86368
12321 7.86093
12432 7.86282
12544 7.45101
12656 7.4552
12769 7.45402
12882 7.44742
12996 7.44851
13110 7.45194
13225 7.06579
13340 7.06509
13456 7.07229
13572 7.06595
13689 7.0735
13806 7.06826
13924 6.67869
14042 6.68125
14161 6.68118
14280 6.68115
14400 6.68093
14520 6.6839
14641 6.67997
14762 6.308
14884 6.31024
15006 6.3089
15129 6.3103
15252 6.3072
15376 6.3041
15500 6.31053
15625 6.30822
15750 5.77789
15876 5.77811
16002 5.77955
16129 5.77862
16256 5.77779
16384 5.78054
16512 5.78045
16641 5.77795
16770 5.24986
16900 5.25037
17030 5.25213
17161 5.2503
17292 5.25235
17424 5.25056
17556 5.25213
17689 5.24666
17822 5.25034
17956 4.72525
18090 4.72352
18225 4.7215
18360 4.72058
18496 4.71738
18632 4.7193
18769 4.72253
18906 4.71859
19044 4.72176
19182 4.72499
19321 4.22912
19460 4.22451
19600 4.22602
19740 4.22698
19881 4.22678
20022 4.22448
20164 4.22733
20306 4.22554
20449 4.2231
20592 4.22557
20736 4.22566
20880 3.7855
21025 3.78704
21170 3.784
21316 3.78573
21462 3.78336
21609 3.78342
21756 3.78426
21904 3.78842
22052 3.78381
22201 3.78672
22350 3.78816
22500 3.78198
22650 3.78816
22801 3.31405
22952 3.31178
23104 3.31779
23256 3.31478
23409 3.31587
23562 3.31875
23716 3.31443
23870 3.31395
24025 3.31875
24180 3.31814
24336 3.31882
24492 3.31238
24649 3.3168
24806 3.31802
24964 3.31642
25122 2.94326
25281 2.94246
25440 2.94314
25600 2.93773
25760 2.93776
25921 2.94253
26082 2.93725
26244 2.94467
26406 2.94176
26569 2.93786
26732 2.94269
26896 2.94115
27060 2.94054
27225 2.94013
27390 2.94256
27556 2.94422
27722 2.94128
27889 2.56435
28056 2.56333
28224 2.56166
28392 2.55978
28561 2.55968
28730 2.56208
28900 2.56384
29070 2.56326
29241 2.56291
29412 2.56435
29584 2.56179
29756 2.56205
29929 2.56336
30102 2.56317
30276 2.56349
30450 2.564
30625 2.56208
30800 2.56192
30976 2.56528
31152 2.56419
31329 2.2136
31506 2.21194
31684 2.21427
31862 2.21184
32041 2.21226
32220 2.21283
32400 2.21187
32580 2.21466
32761 2.21213
32942 2.21251
33124 2.21562
33306 2.2128
33489 2.21373
33672 2.21558
33856 2.21267
34040 2.21354
34225 2.21382
34410 2.21488
34596 2.2159
34782 2.2159
34969 2.21734
35156 2.21274
35344 2.21446
35532 2.21443
35721 1.84208
35910 1.8431
36100 1.84099
36290 1.84179
36481 1.84288
36672 1.84176
36864 1.8441
37056 1.84288
37249 1.84355
37442 1.8432
37636 1.84278
37830 1.84282
38025 1.84128
38220 1.8417
38416 1.84154
38612 1.83952
38809 1.84291
39006 1.84221
39204 1.83942
39402 1.8423
39601 1.84035
39800 1.84163
40000 1.83958
40200 1.84038
40401 1.8425
40602 1.84093
40804 1.84294
41006 1.8409
41209 1.84003
41412 1.84189
41616 1.84035
41820 1.56554
42025 1.56566
42230 1.56477
42436 1.56515
42642 1.56877
42849 1.56755
43056 1.57114
43264 1.56954
43472 1.56794
43681 1.56816
43890 1.56224
44100 1.56742
44310 1.56752
44521 1.56502
44732 1.56547
44944 1.56605
45156 1.56064
45369 1.57264
45582 1.55491
45796 1.5679
46010 1.56774
46225 1.56448
46440 1.56701
46656 1.55654
46872 1.56672
47089 1.56528
47306 1.56598
47524 1.56573
47742 1.56531
47961 1.56598
48180 1.56992
48400 1.56518
48620 1.56253
48841 1.55552
49062 1.5625
49284 1.56486
49506 1.56534
49729 1.56502
49952 1.57158
50176 1.19763
50400 1.18611
50625 1.18794
50850 1.18394
51076 1.18685
51302 1.18288
51529 1.18973
51756 1.18227
51984 1.19286
52212 1.18509
52441 1.18454
52670 1.19299
52900 1.18355
53130 1.18656
53361 1.192
53592 1.19194
53824 1.19056
54056 1.1856
54289 1.18349
54522 1.17997
54756 1.18342
54990 1.19488
55225 1.19133
55460 1.18278
55696 1.18253
55932 1.18528
56169 1.18346
56406 1.18531
56644 1.18048
56882 1.17606
57121 1.1952
57360 1.18746
57600 1.18893
57840 1.19299
58081 1.18483
58322 1.18125
58564 1.1823
58806 1.17878
59049 1.17782
59292 1.18822
59536 1.18074
59780 1.18691
60025 1.19366
60270 1.1839
60516 1.17587
60762 1.18733
61009 1.1863
61256 1.18451
61504 1.17747
61752 1.18282
62001 1.18544
62250 1.18083
62500 1.18614
62750 0.849632
63001 0.850592
