2 0.591424
4 0.510272
6 0.52736
9 0.537056
12 0.543808
16 0.518944
20 0.492064
25 0.519584
30 0.527936
36 0.531616
42 0.519136
49 0.551008
56 0.546976
64 0.530464
72 0.52672
81 0.537472
90 0.515072
100 0.520608
110 0.552
121 0.531872
132 0.503584
144 0.520512
156 0.512448
169 0.508576
182 0.508192
196 0.521184
210 0.523264
225 0.502848
240 0.516736
256 0.525248
272 0.523648
289 0.52784
306 0.530144
324 0.506464
342 0.50896
361 0.516992
380 0.554208
400 0.51536
420 0.495392
441 0.525088
462 0.51536
484 0.536544
506 0.530816
529 0.524928
552 0.498912
576 0.508928
600 0.462048
625 0.456064
650 0.43776
676 0.430816
702 0.447232
729 0.44384
756 0.430624
784 0.410496
812 0.412096
841 0.402176
870 0.403968
900 0.374688
930 0.389728
961 0.366624
992 0.387552
1024 0.388096
1056 0.366592
1089 0.343136
1122 0.354432
1156 0.323744
1190 0.333088
1225 0.337824
1260 0.328064
1296 0.317024
1332 0.318944
1369 0.311488
1406 0.315424
1444 0.306496
1482 0.298144
1521 0.284192
1560 0.29344
1600 0.293792
1640 0.28288
1681 0.28688
1722 0.288032
1764 0.253664
1806 0.27152
1849 0.25376
1892 0.256032
1936 0.288864
1980 0.269408
2025 0.258496
2070 0.250624
2116 0.253856
2162 0.236352
2209 0.234656
2256 0.245792
2304 0.240704
2352 0.220064
2401 0.230016
2450 0.240128
2500 0.2312
2550 0.217696
2601 0.221376
2652 0.21376
2704 0.222784
2756 0.214816
2809 0.207296
2862 0.213152
2916 0.215136
2970 0.20752
3025 0.19888
3080 0.196736
3136 0.198624
3192 0.203424
3249 0.196768
3306 0.1984
3364 0.200288
3422 0.188576
3481 0.197664
3540 0.196576
3600 0.184064
3660 0.19776
3721 0.193888
3782 0.195296
3844 0.179232
3906 0.172512
3969 0.183744
4032 0.18192
4096 0.18992
4160 0.173504
4225 0.168672
4290 0.181248
4356 0.177376
4422 0.161376
4489 0.175328
4556 0.162816
4624 0.16928
4692 0.16032
4761 0.158336
4830 0.161248
4900 0.149824
4970 0.156384
5041 0.1544
5112 0.1496
5184 0.155296
5256 0.153312
5329 0.150912
5402 0.150496
5476 0.155488
5550 0.15152
5625 0.1464
5700 0.143648
5776 0.1432
5852 0.148192
5929 0.138528
6006 0.143104
6084 0.137472
6162 0.136352
6241 0.141216
6320 0.134624
6400 0.140864
6480 0.134176
6561 0.13712
6642 0.137248
6724 0.13152
6806 0.131456
6889 0.130464
6972 0.127072
7056 0.131552
7140 0.127584
7225 0.120224
7310 0.1264
7396 0.133408
7482 0.12464
7569 0.124544
7656 0.123456
7744 0.126752
7832 0.13136
7921 0.147072
8010 0.124448
8100 0.117728
8190 0.121984
8281 0.122304
8372 0.118496
8464 0.119072
8556 0.112384
8649 0.115136
8742 0.111648
8836 0.1056
8930 0.119712
9025 0.116192
9120 0.113216
9216 0.123456
9312 0.114752
9409 0.107456
9506 0.120608
9604 0.108736
9702 0.113376
9801 0.10672
9900 0.101664
10000 0.111456
10100 0.109088
10201 0.108736
10302 0.1008
10404 0.11232
10506 0.102912
10609 0.104768
10712 0.106688
10816 0.103744
10920 0.100128
11025 0.09792
11130 0.098976
11236 0.102976
11342 0.109024
11449 0.107808
11556 0.100576
11664 0.099392
11772 0.094304
11881 0.095552
11990 0.09584
12100 0.09488
12210 0.10368
12321 0.092672
12432 0.096256
12544 0.089824
12656 0.092288
12769 0.08224
12882 0.092256
12996 0.092448
13110 0.095744
13225 0.083552
13340 0.087072
13456 0.088096
13572 0.091008
13689 0.095424
13806 0.090432
13924 0.082784
14042 0.087328
14161 0.089472
14280 0.08416
14400 0.088928
14520 0.0832
14641 0.078976
14762 0.086848
14884 0.085696
15006 0.086752
15129 0.087872
15252 0.08896
15376 0.084224
15500 0.077984
15625 0.082848
15750 0.073696
15876 0.076544
16002 0.073824
16129 0.087104
16256 0.078304
16384 0.080896
16512 0.074688
16641 0.083776
16770 0.072064
16900 0.073184
17030 0.069632
17161 0.074528
17292 0.069504
17424 0.074496
17556 0.075488
17689 0.078432
17822 0.075744
17956 0.068928
18090 0.066688
18225 0.07632
18360 0.067424
18496 0.075808
18632 0.07216
18769 0.072192
18906 0.072256
19044 0.068256
19182 0.069792
19321 0.066112
19460 0.06752
19600 0.06448
19740 0.060672
19881 0.064768
20022 0.067744
20164 0.068128
20306 0.062368
20449 0.069632
20592 0.062368
20736 0.066432
20880 0.061024
21025 0.057952
21170 0.057344
21316 0.05712
21462 0.05968
21609 0.065696
21756 0.064384
21904 0.056128
22052 0.056608
22201 0.060768
22350 0.057728
22500 0.058688
22650 0.05312
22801 0.053216
22952 0.051456
23104 0.05536
23256 0.053312
23409 0.058336
23562 0.05936
23716 0.060864
23870 0.052416
24025 0.055936
24180 0.060096
24336 0.0576
24492 0.053792
24649 0.055392
24806 0.061792
24964 0.055616
25122 0.046432
25281 0.054432
25440 0.050592
25600 0.054944
25760 0.052608
25921 0.047968
26082 0.048864
26244 0.05424
26406 0.052608
26569 0.054144
26732 0.049632
26896 0.049856
27060 0.049984
27225 0.049856
27390 0.052352
27556 0.048416
27722 0.049632
27889 0.048224
28056 0.048672
28224 0.04768
28392 0.042592
28561 0.049088
28730 0.04736
28900 0.04672
29070 0.049504
29241 0.050624
29412 0.047232
29584 0.049408
29756 0.04768
29929 0.045152
30102 0.044672
30276 0.047104
30450 0.047136
30625 0.047584
30800 0.049472
30976 0.046048
31152 0.045088
31329 0.043616
31506 0.04032
31684 0.042048
31862 0.043488
32041 0.043936
32220 0.039136
32400 0.04224
32580 0.044928
32761 0.041472
32942 0.04336
33124 0.038688
33306 0.042816
33489 0.041984
33672 0.043712
33856 0.043904
34040 0.041376
34225 0.043456
34410 0.043136
34596 0.043008
34782 0.042816
34969 0.046848
35156 0.043968
35344 0.044064
35532 0.041664
35721 0.040576
35910 0.03616
36100 0.039648
36290 0.037952
36481 0.042016
36672 0.039744
36864 0.044544
37056 0.03744
37249 0.039264
37442 0.036544
37636 0.03728
37830 0.039712
38025 0.038208
38220 0.037056
38416 0.035232
38612 0.039424
38809 0.036448
39006 0.041408
39204 0.03856
39402 0.0376
39601 0.036448
39800 0.039104
40000 0.038176
40200 0.0384
40401 0.039616
40602 0.037184
40804 0.038144
41006 0.03744
41209 0.039328
41412 0.038976
41616 0.037568
41820 0.032384
42025 0.034336
42230 0.034656
42436 0.03392
42642 0.03408
42849 0.033504
43056 0.035552
43264 0.034784
43472 0.033856
43681 0.034336
43890 0.034432
44100 0.032768
44310 0.032672
44521 0.032096
44732 0.031168
44944 0.031872
45156 0.033344
45369 0.034176
45582 0.035072
45796 0.035584
46010 0.032672
46225 0.03424
46440 0.034976
46656 0.034656
46872 0.033216
47089 0.036448
47306 0.033152
47524 0.03264
47742 0.034976
47961 0.032672
48180 0.03744
48400 0.034592
48620 0.035392
48841 0.037184
49062 0.036672
49284 0.031776
49506 0.034144
49729 0.036
49952 0.033088
50176 0.032064
50400 0.02928
50625 0.030208
50850 0.029376
51076 0.033536
51302 0.029632
51529 0.030176
51756 0.033472
51984 0.033248
52212 0.029344
52441 0.029792
52670 0.031936
52900 0.032288
53130 0.029088
53361 0.02832
53592 0.029504
53824 0.03104
54056 0.030016
54289 0.030432
54522 0.028576
54756 0.030496
54990 0.038176
55225 0.03104
55460 0.031328
55696 0.037504
55932 0.028032
56169 0.029312
56406 0.027936
56644 0.030272
56882 0.031776
57121 0.028576
57360 0.029952
57600 0.032352
57840 0.028224
58081 0.02864
58322 0.0304
58564 0.029824
58806 0.030752
59049 0.029696
59292 0.029344
59536 0.032224
59780 0.029696
60025 0.02992
60270 0.028224
60516 0.028
60762 0.031776
61009 0.030432
61256 0.033376
61504 0.029056
61752 0.029504
62001 0.029696
62250 0.031392
62500 0.028704
62750 0.024288
63001 0.025408
