2 57.4929
4 57.5313
6 57.6605
9 57.3812
12 57.4094
16 57.5259
20 57.6612
25 57.376
30 57.4168
36 57.5267
42 57.6524
49 57.3761
56 57.4105
64 57.532
72 57.6584
81 57.3811
90 57.4137
100 57.5314
110 57.6604
121 57.3701
132 57.4064
144 57.5377
156 57.6515
169 57.3687
182 57.4128
196 57.532
210 57.6604
225 57.3775
240 57.4131
256 57.6589
272 57.4104
289 57.6535
306 57.4046
324 57.6515
342 57.4092
361 57.6559
380 57.4065
400 57.648
420 57.4066
441 57.6543
462 57.4088
484 57.6552
506 56.7783
529 54.698
552 52.3976
576 50.6933
600 48.6334
625 47.1078
650 45.2875
676 43.8401
702 42.3645
729 40.9998
756 39.6542
784 38.4595
812 37.2443
841 36.247
870 35.1565
900 34.1254
930 33.1633
961 32.3356
992 31.4976
1024 30.5591
1056 29.577
1089 28.7076
1122 27.8725
1156 27.1122
1190 26.3789
1225 25.6419
1260 24.907
1296 24.1688
1332 23.5415
1369 22.9265
1406 22.3197
1444 21.8146
1482 21.2164
1521 20.7794
1560 20.3634
1600 19.9628
1640 19.556
1681 19.1629
1722 18.851
1764 18.4476
1806 18.146
1849 17.835
1892 17.5274
1936 17.2228
1980 16.9095
2025 16.5499
2070 16.1667
2116 15.9029
2162 15.5071
2209 15.2495
2256 14.8521
2304 14.596
2352 14.3315
2401 14.0579
2450 13.8022
2500 13.5423
2550 13.3504
2601 13.1527
2652 12.9677
2704 12.7803
2756 12.5982
2809 12.4112
2862 12.3154
2916 12.1335
2970 12.0413
3025 11.7938
3080 11.6538
3136 11.3774
3192 11.2395
3249 10.955
3306 10.8183
3364 10.6806
3422 10.5374
3481 10.2844
3540 10.2026
3600 10.1111
3660 10.0295
3721 9.94198
3782 9.86275
3844 9.77382
3906 9.68723
3969 9.49251
4032 9.4905
4096 9.34122
4160 9.19798
4225 9.04973
4290 8.90586
4356 8.76458
4422 8.62128
4489 8.50944
4556 8.4295
4624 8.43277
4692 8.35533
4761 8.27571
4830 8.19491
4900 8.19766
4970 8.11808
5041 7.96349
5112 7.81088
5184 7.81805
5256 7.6687
5329 7.50765
5402 7.50653
5476 7.39702
5550 7.40221
5625 7.3223
5700 7.25194
5776 7.25728
5852 7.17962
5929 7.17667
6006 7.08266
6084 7.08086
6162 6.98176
6241 6.97914
6320 6.87571
6400 6.87645
6480 6.76579
6561 6.76746
6642 6.66048
6724 6.66445
6806 6.55046
6889 6.55498
6972 6.45533
7056 6.45706
7140 6.45142
7225 6.36109
7310 6.3607
7396 6.27411
7482 6.27392
7569 6.2697
7656 6.18134
7744 6.18093
7832 5.96426
7921 5.96406
8010 5.96349
8100 5.80307
8190 5.80515
8281 5.80787
8372 5.59206
8464 5.59018
8556 5.59331
8649 5.43194
8742 5.43459
8836 5.43216
8930 5.22848
9025 5.22733
9120 5.2273
9216 5.22442
9312 5.03197
9409 5.03107
9506 5.02781
9604 5.02986
9702 4.86429
9801 4.85725
9900 4.86019
10000 4.86298
10100 4.6801
10201 4.67747
10302 4.67405
10404 4.67101
10506 4.47594
10609 4.47952
10712 4.47642
10816 4.48435
10920 4.28486
11025 4.28726
11130 4.28842
11236 4.2863
11342 4.28582
11449 4.10093
11556 4.10144
11664 4.10045
11772 4.1047
11881 4.10198
11990 3.91562
12100 3.92416
12210 3.91894
12321 3.91629
12432 3.92115
12544 3.71366
12656 3.71302
12769 3.71539
12882 3.71482
12996 3.71827
13110 3.71821
13225 3.52282
13340 3.52256
13456 3.5279
13572 3.52771
13689 3.52333
13806 3.52275
13924 3.32912
14042 3.32752
14161 3.33101
14280 3.32941
14400 3.33094
14520 3.33414
14641 3.32909
14762 3.14141
14884 3.14202
15006 3.13898
15129 3.14544
15252 3.14272
15376 3.14368
15500 3.14442
15625 3.13981
15750 2.8833
15876 2.88246
16002 2.88211
16129 2.88339
16256 2.8807
16384 2.8833
16512 2.88176
16641 2.88243
16770 2.6215
16900 2.62096
17030 2.61891
17161 2.6216
17292 2.62045
17424 2.61965
17556 2.62157
17689 2.62138
17822 2.61971
17956 2.35904
18090 2.35853
18225 2.35898
18360 2.35834
18496 2.35686
18632 2.3559
18769 2.35853
18906 2.35683
19044 2.35952
19182 2.3592
19321 2.11053
19460 2.11187
19600 2.11062
19740 2.11149
19881 2.11219
20022 2.11232
20164 2.10912
20306 2.11165
20449 2.10989
20592 2.11264
20736 2.10998
20880 1.89274
21025 1.89338
21170 1.89306
21316 1.89318
21462 1.8903
21609 1.89341
21756 1.89094
21904 1.89568
22052 1.89296
22201 1.8928
22350 1.89261
22500 1.89414
22650 1.89286
22801 1.65939
22952 1.65654
23104 1.65786
23256 1.65958
23409 1.65686
23562 1.65888
23716 1.65808
23870 1.65664
24025 1.66013
24180 1.65731
24336 1.65955
24492 1.65731
24649 1.65722
24806 1.65965
24964 1.6576
25122 1.47286
25281 1.47277
25440 1.47005
25600 1.47117
25760 1.4703
25921 1.47485
26082 1.47066
26244 1.47059
26406 1.47114
26569 1.47062
26732 1.47232
26896 1.47184
27060 1.47277
27225 1.47062
27390 1.47408
27556 1.47258
27722 1.47053
27889 1.28202
28056 1.2815
28224 1.28205
28392 1.28323
28561 1.28205
28730 1.2833
28900 1.28269
29070 1.28218
29241 1.28333
29412 1.28211
29584 1.2823
29756 1.28285
29929 1.2824
30102 1.28109
30276 1.28269
30450 1.28186
30625 1.2823
30800 1.28106
30976 1.28227
31152 1.2815
31329 1.10819
31506 1.10835
31684 1.10781
31862 1.10368
32041 1.10883
32220 1.10813
32400 1.10749
32580 1.10768
32761 1.10835
32942 1.10733
33124 1.10787
33306 1.1089
33489 1.1079
33672 1.10733
33856 1.10451
34040 1.10781
34225 1.10819
34410 1.10755
34596 1.10902
34782 1.10845
34969 1.10784
35156 1.11098
35344 1.10842
35532 1.10717
35721 0.922432
35910 0.922912
36100 0.922656
36290 0.922368
36481 0.922176
36672 0.922016
36864 0.923584
37056 0.923232
37249 0.922432
37442 0.923072
37636 0.92288
37830 0.922016
38025 0.922592
38220 0.923136
38416 0.923744
38612 0.923424
38809 0.923488
39006 0.923104
39204 0.92304
39402 0.921664
39601 0.922784
39800 0.92192
40000 0.923072
40200 0.922752
40401 0.924032
40602 0.922464
40804 0.922016
41006 0.923104
41209 0.923328
41412 0.923456
41616 0.923264
41820 0.786976
42025 0.783584
42230 0.782752
42436 0.784832
42642 0.783616
42849 0.782784
43056 0.78736
43264 0.78848
43472 0.782336
43681 0.788992
43890 0.787424
44100 0.775936
44310 0.77952
44521 0.786688
44732 0.78768
44944 0.779808
45156 0.787936
45369 0.781408
45582 0.783328
45796 0.787104
46010 0.788064
46225 0.782784
46440 0.787872
46656 0.785632
46872 0.786272
47089 0.783456
47306 0.78864
47524 0.782912
47742 0.787936
47961 0.78816
48180 0.783968
48400 0.788192
48620 0.786688
48841 0.783456
49062 0.782752
49284 0.782752
49506 0.787264
49729 0.785472
49952 0.788832
50176 0.595232
50400 0.592672
50625 0.589952
50850 0.595232
51076 0.590944
51302 0.592256
51529 0.59984
51756 0.594176
51984 0.596832
52212 0.59872
52441 0.5952
52670 0.596512
52900 0.593824
53130 0.596608
53361 0.595584
53592 0.600544
53824 0.596832
54056 0.598208
54289 0.597792
54522 0.590464
54756 0.598016
54990 0.597056
55225 0.596192
55460 0.599552
55696 0.594784
55932 0.593216
56169 0.589888
56406 0.598912
56644 0.592928
56882 0.597984
57121 0.591552
57360 0.597792
57600 0.596544
57840 0.596736
58081 0.596064
58322 0.599072
58564 0.59856
58806 0.587264
59049 0.586432
59292 0.593504
59536 0.59824
59780 0.593408
60025 0.592576
60270 0.594208
60516 0.589568
60762 0.597824
61009 0.599296
61256 0.593952
61504 0.589344
61752 0.595392
62001 0.59264
62250 0.595648
62500 0.59568
62750 0.429088
63001 0.43088
